Interval=	0.0025 s
ExcelDateTime=	4.4620597823331671e+004	2/28/2022 14:20:51.935856
TimeFormat=	StartOfBlock
DateFormat=	
ChannelTitle=	Channel 1
Range=	1000.0 µV
0	-1.7
0.0025	-8.3
0.005	-11.0
0.0075	-13.8
0.01	-16.6
0.0125	-7.9
0.015	2.6
0.0175	5.6
0.02	4.6
0.0225	1.6
0.025	-2.4
0.0275	-4.9
0.03	-3.1
0.0325	0.4
0.035	1.0
0.0375	-4.3
0.04	-12.0
0.0425	-14.3
0.045	-10.3
0.0475	-6.0
0.05	-1.5
0.0525	0.2
0.055	-1.2
0.0575	1.0
0.06	1.1
0.0625	-7.2
0.065	-9.6
0.0675	6.3
0.07	16.8
0.0725	9.9
0.075	9.3
0.0775	9.3
0.08	2.9
0.0825	3.5
0.085	15.8
0.0875	20.4
0.09	4.4
0.0925	-4.7
0.095	-6.8
0.0975	-8.6
0.1	-9.1
0.1025	-14.3
0.105	-8.3
0.1075	7.9
0.11	9.3
0.1125	2.9
0.115	6.6
0.1175	9.2
0.12	6.3
0.1225	3.5
0.125	4.4
0.1275	2.3
0.13	-6.4
0.1325	-3.3
0.135	13.6
0.1375	19.7
0.14	5.3
0.1425	-9.9
0.145	-12.5
0.1475	-5.4
0.15	2.8
0.1525	11.8
0.155	23.0
0.1575	22.6
0.16	8.1
0.1625	-3.8
0.165	-2.2
0.1675	7.1
0.17	16.7
0.1725	21.8
0.175	18.8
0.1775	16.3
0.18	13.8
0.1825	9.3
0.185	11.8
0.1875	12.3
0.19	6.2
0.1925	-1.6
0.195	-5.8
0.1975	1.7
0.2	12.6
0.2025	18.4
0.205	20.5
0.2075	23.1
0.21	26.0
0.2125	25.9
0.215	27.0
0.2175	29.0
0.22	26.7
0.2225	22.5
0.225	24.0
0.2275	30.6
0.23	34.8
0.2325	31.0
0.235	31.4
0.2375	39.4
0.24	39.6
0.2425	32.0
0.245	26.6
0.2475	25.7
0.25	23.8
0.2525	18.5
0.255	17.2
0.2575	21.2
0.26	22.5
0.2625	18.0
0.265	11.5
0.2675	9.5
0.27	16.2
0.2725	25.7
0.275	23.2
0.2775	5.3
0.28	-5.7
0.2825	-4.5
0.285	-6.7
0.2875	-5.9
0.29	2.9
0.2925	7.4
0.295	3.0
0.2975	-3.4
0.3	-3.0
0.3025	2.5
0.305	4.7
0.3075	4.8
0.31	4.9
0.3125	-0.3
0.315	-7.7
0.3175	-8.3
0.32	-2.1
0.3225	1.0
0.325	-3.1
0.3275	-8.3
0.33	-9.5
0.3325	-3.6
0.335	3.2
0.3375	8.3
0.34	9.8
0.3425	6.1
0.345	5.2
0.3475	2.7
0.35	-0.3
0.3525	3.9
0.355	10.6
0.3575	10.0
0.36	3.7
0.3625	0.2
0.365	-0.4
0.3675	-0.6
0.37	-2.0
0.3725	-1.9
0.375	-0.1
0.3775	-2.0
0.38	-3.8
0.3825	-2.3
0.385	0.5
0.3875	4.1
0.39	3.8
0.3925	-0.8
0.395	-4.1
0.3975	-4.8
0.4	-5.2
0.4025	-7.5
0.405	-6.5
0.4075	1.3
0.41	2.0
0.4125	-3.0
0.415	-3.2
0.4175	3.0
0.42	11.7
0.4225	13.8
0.425	8.8
0.4275	1.2
0.43	-6.3
0.4325	-13.5
0.435	-14.4
0.4375	-6.7
0.44	-2.3
0.4425	-1.4
0.445	4.0
0.4475	11.2
0.45	9.0
0.4525	1.0
0.455	0.3
0.4575	0.5
0.46	-0.8
0.4625	-0.7
0.465	1.3
0.4675	11.2
0.47	20.9
0.4725	11.7
0.475	0.2
0.4775	2.5
0.48	4.7
0.4825	7.3
0.485	10.9
0.4875	11.8
0.49	14.2
0.4925	15.3
0.495	13.6
0.4975	5.3
0.5	-5.8
0.5025	-0.1
0.505	11.5
0.5075	12.0
0.51	8.4
0.5125	9.8
0.515	15.4
0.5175	15.3
0.52	16.3
0.5225	18.8
0.525	14.6
0.5275	8.3
0.53	4.0
0.5325	2.1
0.535	4.4
0.5375	10.3
0.54	15.6
0.5425	11.0
0.545	3.9
0.5475	0.2
0.55	-4.7
0.5525	-2.9
0.555	0.5
0.5575	-0.1
0.56	-1.1
0.5625	-0.5
0.565	-3.8
0.5675	-6.3
0.57	1.3
0.5725	4.3
0.575	1.4
0.5775	0.8
0.58	-1.8
0.5825	-3.9
0.585	-5.7
0.5875	-4.6
0.59	-0.8
0.5925	-1.9
0.595	-2.8
0.5975	-1.3
0.6	-1.7
0.6025	-0.7
0.605	-0.2
0.6075	-0.4
0.61	1.8
0.6125	0.4
0.615	-0.1
0.6175	1.7
0.62	3.0
0.6225	1.3
0.625	-0.6
0.6275	0.9
0.63	-0.3
0.6325	-3.6
0.635	-3.8
0.6375	-0.7
0.64	4.9
0.6425	8.4
0.645	-6.1
0.6475	-23.7
0.65	-20.7
0.6525	-10.8
0.655	-1.8
0.6575	6.6
0.66	3.4
0.6625	-10.0
0.665	-17.7
0.6675	-13.7
0.67	-5.1
0.6725	-1.1
0.675	-0.3
0.6775	2.2
0.68	6.4
0.6825	8.2
0.685	8.7
0.6875	9.6
0.69	9.7
0.6925	13.1
0.695	13.8
0.6975	13.8
0.7	16.7
0.7025	17.8
0.705	16.9
0.7075	15.0
0.71	10.6
0.7125	2.4
0.715	1.3
0.7175	5.3
0.72	2.5
0.7225	-5.3
0.725	-9.1
0.7275	-9.4
0.73	-11.7
0.7325	-8.1
0.735	0.2
0.7375	-2.1
0.74	-11.9
0.7425	-12.3
0.745	-3.7
0.7475	2.6
0.75	1.4
0.7525	-0.8
0.755	3.1
0.7575	6.4
0.76	7.6
0.7625	7.7
0.765	0.6
0.7675	-0.8
0.77	12.8
0.7725	17.8
0.775	3.7
0.7775	-13.8
0.78	-17.0
0.7825	-11.2
0.785	-7.9
0.7875	-2.5
0.79	2.1
0.7925	3.3
0.795	4.8
0.7975	8.0
0.8	11.7
0.8025	9.6
0.805	4.3
0.8075	2.2
0.81	2.3
0.8125	-0.8
0.815	-3.1
0.8175	-5.7
0.82	-7.9
0.8225	-0.9
0.825	4.6
0.8275	2.0
0.83	1.1
0.8325	1.2
0.835	1.5
0.8375	5.0
0.84	6.2
0.8425	3.1
0.845	-0.1
0.8475	1.6
0.85	6.8
0.8525	9.4
0.855	7.6
0.8575	3.9
0.86	-1.8
0.8625	-6.0
0.865	-6.2
0.8675	-4.0
0.87	6.1
0.8725	13.4
0.875	4.9
0.8775	-9.5
0.88	-15.8
0.8825	-13.1
0.885	-6.3
0.8875	-0.4
0.89	5.6
0.8925	13.7
0.895	12.3
0.8975	4.8
0.9	-1.2
0.9025	-10.5
0.905	-7.8
0.9075	2.5
0.91	6.2
0.9125	11.8
0.915	8.2
0.9175	0.4
0.92	3.8
0.9225	6.1
0.925	1.8
0.9275	-3.4
0.93	-4.4
0.9325	-5.1
0.935	-9.5
0.9375	-6.3
0.94	3.5
0.9425	5.7
0.945	0.8
0.9475	1.0
0.95	4.2
0.9525	6.1
0.955	6.8
0.9575	6.7
0.96	7.7
0.9625	7.6
0.965	6.6
0.9675	8.4
0.97	16.3
0.9725	16.6
0.975	2.5
0.9775	-11.7
0.98	-16.5
0.9825	-12.3
0.985	-8.3
0.9875	-3.6
0.99	5.3
0.9925	7.8
0.995	2.3
0.9975	-4.7
1	-12.8
1.0025	-9.0
1.005	3.1
1.0075	6.6
1.01	1.8
1.0125	-3.2
1.015	-1.9
1.0175	0.3
1.02	1.0
1.0225	0.7
1.025	0.1
1.0275	3.9
1.03	-0.0
1.0325	-8.9
1.035	-4.5
1.0375	-1.3
1.04	-0.9
1.0425	2.7
1.045	2.0
1.0475	1.1
1.05	3.9
1.0525	9.7
1.055	9.7
1.0575	3.3
1.06	2.4
1.0625	2.8
1.065	0.2
1.0675	-0.7
1.07	0.1
1.0725	3.2
1.075	4.2
1.0775	1.2
1.08	1.6
1.0825	5.8
1.085	7.1
1.0875	4.9
1.09	4.5
1.0925	8.3
1.095	9.6
1.0975	3.9
1.1	-0.8
1.1025	1.0
1.105	2.9
1.1075	2.3
1.11	0.8
1.1125	-2.2
1.115	-4.0
1.1175	-5.7
1.12	-4.6
1.1225	-1.7
1.125	2.1
1.1275	6.9
1.13	2.0
1.1325	-4.7
1.135	-0.7
1.1375	5.1
1.14	6.6
1.1425	3.9
1.145	-1.2
1.1475	-3.6
1.15	-2.6
1.1525	-2.3
1.155	-3.1
1.1575	-2.7
1.16	-1.5
1.1625	-2.1
1.165	-4.4
1.1675	-3.5
1.17	0.7
1.1725	3.5
1.175	1.3
1.1775	-0.8
1.18	-2.3
1.1825	-7.3
1.185	-4.9
1.1875	-0.3
1.19	-2.5
1.1925	-4.0
1.195	-4.8
1.1975	-7.5
1.2	-8.0
1.2025	-3.3
1.205	4.9
1.2075	-1.1
1.21	-15.0
1.2125	-7.4
1.215	6.6
1.2175	5.6
1.22	-7.6
1.2225	-13.7
1.225	-3.6
1.2275	4.4
1.23	6.5
1.2325	8.8
1.235	8.4
1.2375	11.4
1.24	15.0
1.2425	10.6
1.245	16.5
1.2475	15.2
1.25	-0.6
1.2525	0.9
1.255	6.8
1.2575	9.2
1.26	9.3
1.2625	-1.8
1.265	-3.7
1.2675	2.4
1.27	-3.7
1.2725	-4.3
1.275	-4.8
1.2775	-9.6
1.28	-6.6
1.2825	-6.9
1.285	-8.6
1.2875	-9.4
1.29	-10.1
1.2925	-7.8
1.295	-6.8
1.2975	-11.7
1.3	-16.1
1.3025	-13.7
1.305	-10.9
1.3075	-11.4
1.31	-14.9
1.3125	-15.1
1.315	-13.5
1.3175	-15.6
1.32	-17.6
1.3225	-13.5
1.325	-5.8
1.3275	-4.0
1.33	-4.0
1.3325	-3.8
1.335	-6.8
1.3375	-4.1
1.34	2.2
1.3425	-4.1
1.345	-12.8
1.3475	-8.6
1.35	-7.1
1.3525	-11.9
1.355	-11.5
1.3575	-10.0
1.36	-13.3
1.3625	-12.3
1.365	-2.2
1.3675	7.4
1.37	10.1
1.3725	4.6
1.375	3.2
1.3775	-1.2
1.38	-10.7
1.3825	-9.7
1.385	-5.8
1.3875	-2.6
1.39	3.8
1.3925	9.4
1.395	5.8
1.3975	0.7
1.4	-0.4
1.4025	-1.5
1.405	-4.1
1.4075	-3.4
1.41	-0.0
1.4125	0.5
1.415	0.4
1.4175	1.5
1.42	6.2
1.4225	4.3
1.425	5.5
1.4275	10.3
1.43	4.8
1.4325	2.8
1.435	1.3
1.4375	-0.8
1.44	-0.2
1.4425	1.1
1.445	7.2
1.4475	6.1
1.45	2.8
1.4525	9.3
1.455	8.1
1.4575	8.1
1.46	7.9
1.4625	-0.9
1.465	-2.1
1.4675	-4.7
1.47	-4.8
1.4725	-1.5
1.475	-7.3
1.4775	-12.3
1.48	-15.0
1.4825	-12.9
1.485	-3.5
1.4875	-0.1
1.49	-3.9
1.4925	-5.3
1.495	-4.4
1.4975	-5.8
1.5	-2.7
1.5025	4.5
1.505	1.4
1.5075	-6.7
1.51	-9.4
1.5125	-1.9
1.515	11.4
1.5175	9.3
1.52	-1.4
1.5225	-4.2
1.525	-4.3
1.5275	-3.0
1.53	-7.7
1.5325	-13.7
1.535	-8.3
1.5375	-0.3
1.54	5.2
1.5425	9.7
1.545	9.0
1.5475	5.9
1.55	5.8
1.5525	5.0
1.555	3.0
1.5575	-0.4
1.56	-5.8
1.5625	-5.4
1.565	0.8
1.5675	0.4
1.57	-2.0
1.5725	2.6
1.575	9.2
1.5775	6.5
1.58	-4.6
1.5825	-0.2
1.585	8.5
1.5875	4.3
1.59	2.0
1.5925	0.8
1.595	1.0
1.5975	1.3
1.6	0.3
1.6025	5.3
1.605	11.3
1.6075	11.2
1.61	5.9
1.6125	6.4
1.615	12.1
1.6175	10.8
1.62	2.8
1.6225	2.4
1.625	4.4
1.6275	-2.8
1.63	-8.5
1.6325	-5.1
1.635	2.0
1.6375	7.0
1.64	9.6
1.6425	9.2
1.645	10.0
1.6475	9.0
1.65	1.8
1.6525	-1.2
1.655	2.0
1.6575	6.8
1.66	2.9
1.6625	2.5
1.665	4.8
1.6675	-3.9
1.67	4.3
1.6725	9.0
1.675	-8.7
1.6775	-10.2
1.68	-8.6
1.6825	-15.9
1.685	-17.6
1.6875	-17.2
1.69	-12.5
1.6925	-6.9
1.695	-6.0
1.6975	-6.5
1.7	-2.3
1.7025	3.9
1.705	-0.1
1.7075	-5.9
1.71	-3.9
1.7125	-6.6
1.715	-7.2
1.7175	-8.9
1.72	-11.8
1.7225	-4.3
1.725	0.3
1.7275	-3.8
1.73	-10.0
1.7325	-6.8
1.735	3.4
1.7375	6.0
1.74	4.6
1.7425	2.0
1.745	-5.3
1.7475	-4.1
1.75	1.2
1.7525	3.7
1.755	5.8
1.7575	8.4
1.76	12.1
1.7625	11.3
1.765	9.1
1.7675	0.7
1.77	0.6
1.7725	9.4
1.775	4.1
1.7775	1.8
1.78	6.0
1.7825	1.3
1.785	-2.6
1.7875	7.1
1.79	10.8
1.7925	10.5
1.795	0.4
1.7975	-16.6
1.8	-4.6
1.8025	7.0
1.805	-8.7
1.8075	-22.1
1.81	-23.5
1.8125	-21.9
1.815	-12.1
1.8175	-5.5
1.82	-4.8
1.8225	-0.1
1.825	4.7
1.8275	-0.4
1.83	-10.0
1.8325	-11.6
1.835	-9.3
1.8375	-11.8
1.84	-14.3
1.8425	-12.2
1.845	-7.2
1.8475	-2.3
1.85	-2.8
1.8525	-4.3
1.855	2.6
1.8575	7.5
1.86	6.9
1.8625	9.3
1.865	7.4
1.8675	4.3
1.87	5.8
1.8725	8.1
1.875	9.3
1.8775	5.7
1.88	3.1
1.8825	-2.9
1.885	-9.5
1.8875	-3.8
1.89	3.2
1.8925	0.5
1.895	-7.1
1.8975	-9.2
1.9	-8.5
1.9025	-8.9
1.905	-5.5
1.9075	-6.2
1.91	-6.3
1.9125	-5.6
1.915	-10.8
1.9175	-8.5
1.92	-2.5
1.9225	-0.8
1.925	-3.7
1.9275	-11.6
1.93	-10.4
1.9325	-3.6
1.935	-6.8
1.9375	-9.2
1.94	-6.3
1.9425	-6.8
1.945	-8.1
1.9475	-3.5
1.95	1.1
1.9525	-0.9
1.955	-3.9
1.9575	-2.6
1.96	-3.5
1.9625	-11.0
1.965	-13.3
1.9675	-7.3
1.97	-5.7
1.9725	-7.6
1.975	-7.2
1.9775	-9.2
1.98	-7.0
1.9825	4.2
1.985	7.3
1.9875	6.6
1.99	5.5
1.9925	-0.7
1.995	0.9
1.9975	2.9
2	-1.8
2.0025	-3.5
2.005	-3.2
2.0075	-1.1
2.01	8.0
2.0125	7.1
2.015	-0.4
2.0175	0.6
2.02	3.1
2.0225	3.1
2.025	1.4
2.0275	-3.3
2.03	-5.0
2.0325	2.2
2.035	10.2
2.0375	11.6
2.04	8.1
2.0425	-1.3
2.045	-4.8
2.0475	7.3
2.05	14.6
2.0525	8.1
2.055	0.0
2.0575	3.0
2.06	7.9
2.0625	5.1
2.065	7.8
2.0675	16.6
2.07	18.2
2.0725	13.1
2.075	6.3
2.0775	0.3
2.08	0.2
2.0825	2.5
2.085	2.9
2.0875	-0.5
2.09	-0.8
2.0925	3.0
2.095	1.1
2.0975	-0.8
2.1	-0.2
2.1025	1.0
2.105	6.2
2.1075	8.3
2.11	10.9
2.1125	12.1
2.115	5.1
2.1175	8.5
2.12	13.3
2.1225	17.8
2.125	12.6
2.1275	6.3
2.13	6.0
2.1325	-8.2
2.135	-2.4
2.1375	6.6
2.14	-0.4
2.1425	-1.2
2.145	-1.3
2.1475	-3.1
2.15	-7.2
2.1525	-10.3
2.155	-9.8
2.1575	-8.5
2.16	-3.2
2.1625	4.5
2.165	2.1
2.1675	-7.4
2.17	-13.3
2.1725	-15.5
2.175	-8.7
2.1775	-5.5
2.18	-7.5
2.1825	-7.0
2.185	-8.3
2.1875	-6.8
2.19	-5.8
2.1925	-2.2
2.195	-3.6
2.1975	-9.0
2.2	-8.6
2.2025	-6.9
2.205	-7.8
2.2075	-16.6
2.21	-17.7
2.2125	-10.6
2.215	-8.7
2.2175	-7.3
2.22	-2.9
2.2225	1.9
2.225	2.2
2.2275	1.8
2.23	4.8
2.2325	9.6
2.235	10.6
2.2375	10.1
2.24	10.9
2.2425	0.0
2.245	-6.7
2.2475	-0.5
2.25	-0.8
2.2525	-1.2
2.255	4.5
2.2575	10.0
2.26	3.9
2.2625	-4.9
2.265	-3.3
2.2675	-2.5
2.27	-4.9
2.2725	-9.6
2.275	-11.4
2.2775	-5.1
2.28	-5.3
2.2825	-12.3
2.285	-9.1
2.2875	-3.5
2.29	-2.2
2.2925	0.9
2.295	2.6
2.2975	-1.7
2.3	-3.4
2.3025	-10.1
2.305	-22.2
2.3075	-18.3
2.31	-9.2
2.3125	-7.3
2.315	-4.2
2.3175	-4.0
2.32	-10.3
2.3225	-14.5
2.325	-10.0
2.3275	-9.9
2.33	-18.4
2.3325	-13.1
2.335	-4.5
2.3375	-6.4
2.34	-3.8
2.3425	-0.6
2.345	-2.3
2.3475	-1.0
2.35	1.1
2.3525	3.3
2.355	4.3
2.3575	1.4
2.36	-0.3
2.3625	0.5
2.365	-3.5
2.3675	-3.9
2.37	2.9
2.3725	2.0
2.375	-2.6
2.3775	-2.8
2.38	2.4
2.3825	7.1
2.385	6.5
2.3875	7.7
2.39	9.7
2.3925	5.3
2.395	2.6
2.3975	2.1
2.4	-2.7
2.4025	-3.6
2.405	-0.6
2.4075	2.1
2.41	6.2
2.4125	9.4
2.415	9.2
2.4175	8.8
2.42	12.1
2.4225	12.7
2.425	8.7
2.4275	5.6
2.43	6.8
2.4325	11.0
2.435	13.4
2.4375	12.7
2.44	10.9
2.4425	10.4
2.445	10.4
2.4475	10.3
2.45	9.3
2.4525	9.8
2.455	14.3
2.4575	17.6
2.46	16.7
2.4625	13.1
2.465	6.9
2.4675	4.5
2.47	3.2
2.4725	5.1
2.475	8.1
2.4775	4.6
2.48	6.1
2.4825	11.0
2.485	14.6
2.4875	17.9
2.49	9.9
2.4925	-4.2
2.495	0.1
2.4975	12.7
2.5	5.3
2.5025	0.9
2.505	1.8
2.5075	-5.1
2.51	-1.1
2.5125	6.3
2.515	5.8
2.5175	5.1
2.52	1.3
2.5225	-1.5
2.525	4.5
2.5275	2.3
2.53	-5.5
2.5325	-2.0
2.535	6.5
2.5375	4.4
2.54	-2.2
2.5425	-0.4
2.545	4.8
2.5475	4.1
2.55	0.5
2.5525	1.6
2.555	5.1
2.5575	4.8
2.56	5.5
2.5625	10.4
2.565	10.7
2.5675	6.8
2.57	2.9
2.5725	3.0
2.575	2.3
2.5775	-1.8
2.58	3.4
2.5825	9.3
2.585	5.0
2.5875	0.0
2.59	2.1
2.5925	8.3
2.595	6.7
2.5975	3.4
2.6	7.3
2.6025	10.4
2.605	7.0
2.6075	-1.2
2.61	-4.8
2.6125	-1.1
2.615	5.4
2.6175	6.0
2.62	4.3
2.6225	6.1
2.625	3.3
2.6275	-4.8
2.63	-5.7
2.6325	3.2
2.635	7.3
2.6375	3.9
2.64	1.8
2.6425	5.0
2.645	6.0
2.6475	2.1
2.65	4.1
2.6525	5.9
2.655	1.5
2.6575	-0.9
2.66	-1.8
2.6625	-3.7
2.665	-3.3
2.6675	0.8
2.67	3.1
2.6725	3.3
2.675	5.9
2.6775	8.1
2.68	11.6
2.6825	15.2
2.685	15.6
2.6875	15.8
2.69	11.6
2.6925	5.1
2.695	1.7
2.6975	0.6
2.7	2.2
2.7025	3.3
2.705	1.7
2.7075	-1.0
2.71	-2.4
2.7125	-1.9
2.715	-2.5
2.7175	-2.3
2.72	-1.2
2.7225	-4.1
2.725	-2.6
2.7275	7.3
2.73	15.1
2.7325	21.0
2.735	30.9
2.7375	39.9
2.74	44.1
2.7425	37.8
2.745	29.9
2.7475	31.1
2.75	32.6
2.7525	34.4
2.755	37.5
2.7575	40.7
2.76	43.3
2.7625	34.4
2.765	17.3
2.7675	5.8
2.77	-1.7
2.7725	-12.0
2.775	-21.7
2.7775	-26.3
2.78	-29.1
2.7825	-26.8
2.785	-25.6
2.7875	-29.4
2.79	-27.7
2.7925	-28.7
2.795	-37.3
2.7975	-37.1
2.8	-28.9
2.8025	-23.7
2.805	-26.5
2.8075	-31.7
2.81	-24.8
2.8125	-15.8
2.815	-14.5
2.8175	-10.0
2.82	-6.0
2.8225	-9.5
2.825	-11.1
2.8275	-10.0
2.83	-8.8
2.8325	-3.5
2.835	0.2
2.8375	-0.8
2.84	-3.7
2.8425	-8.9
2.845	-4.8
2.8475	3.7
2.85	4.7
2.8525	4.2
2.855	2.8
2.8575	3.3
2.86	3.9
2.8625	7.0
2.865	11.9
2.8675	12.3
2.87	14.0
2.8725	18.1
2.875	16.7
2.8775	6.6
2.88	-0.9
2.8825	-6.6
2.885	-6.5
2.8875	-0.5
2.89	0.2
2.8925	3.5
2.895	3.3
2.8975	-3.7
2.9	-7.5
2.9025	-10.3
2.905	-7.4
2.9075	-3.2
2.91	-5.8
2.9125	-6.3
2.915	-1.8
2.9175	-1.3
2.92	-6.3
2.9225	-4.2
2.925	0.7
2.9275	2.3
2.93	2.4
2.9325	-1.8
2.935	-0.2
2.9375	-1.3
2.94	-4.1
2.9425	10.3
2.945	17.9
2.9475	7.3
2.95	-1.4
2.9525	-2.6
2.955	-4.3
2.9575	-5.7
2.96	-1.9
2.9625	5.8
2.965	8.3
2.9675	7.2
2.97	2.8
2.9725	-3.8
2.975	-2.1
2.9775	3.7
2.98	16.9
2.9825	23.4
2.985	12.8
2.9875	2.7
2.99	-2.6
2.9925	-2.4
2.995	4.5
2.9975	8.6
3	11.7
3.0025	21.5
3.005	18.5
3.0075	5.2
3.01	-3.1
3.0125	6.8
3.015	20.1
3.0175	13.1
3.02	5.5
3.0225	1.3
3.025	-9.9
3.0275	-28.9
3.03	-48.0
3.0325	-45.4
3.035	-34.9
3.0375	-31.5
3.04	-30.8
3.0425	-39.8
3.045	-61.9
3.0475	-75.5
3.05	-55.4
3.0525	-40.5
3.055	-46.5
3.0575	-55.3
3.06	-58.7
3.0625	-50.7
3.065	-40.8
3.0675	-33.8
3.07	-30.4
3.0725	-30.9
3.075	-25.7
3.0775	-16.3
3.08	-23.4
3.0825	-25.0
3.085	-11.9
3.0875	-0.2
3.09	1.1
3.0925	-5.7
3.095	-5.5
3.0975	-13.5
3.1	-24.1
3.1025	-44.6
3.105	-55.5
3.1075	-25.1
3.11	-5.5
3.1125	-22.5
3.115	-25.6
3.1175	9.2
3.12	27.9
3.1225	39.5
3.125	39.6
3.1275	3.6
3.13	-9.0
3.1325	2.1
3.135	1.9
3.1375	-0.8
3.14	-28.5
3.1425	-25.6
3.145	10.3
3.1475	12.0
3.15	23.6
3.1525	33.4
3.155	28.5
3.1575	23.4
3.16	5.6
3.1625	-6.1
3.165	-7.0
3.1675	-28.5
3.17	-33.8
3.1725	-7.1
3.175	-16.0
3.1775	6.4
3.18	43.6
3.1825	18.3
3.185	3.3
3.1875	0.1
3.19	-5.1
3.1925	-21.3
3.195	-27.6
3.1975	-4.8
3.2	-6.2
3.2025	-26.3
3.205	-29.2
3.2075	2.6
3.21	28.3
3.2125	20.9
3.215	-22.2
3.2175	-32.9
3.22	23.5
3.2225	22.1
3.225	-3.1
3.2275	7.1
3.23	16.6
3.2325	7.9
3.235	-3.0
3.2375	24.0
3.24	23.4
3.2425	6.0
3.245	-6.6
3.2475	-25.9
3.25	-5.6
3.2525	25.8
3.255	25.7
3.2575	-4.6
3.26	-13.4
3.2625	9.9
3.265	31.3
3.2675	28.4
3.27	-32.3
3.2725	-60.0
3.275	-14.9
3.2775	15.1
3.28	3.9
3.2825	4.9
3.285	14.7
3.2875	7.3
3.29	6.1
3.2925	6.9
3.295	6.2
3.2975	7.9
3.3	1.0
3.3025	-11.3
3.305	0.4
3.3075	-3.1
3.31	-17.6
3.3125	-8.2
3.315	-6.8
3.3175	-11.3
3.32	-7.8
3.3225	-2.9
3.325	-10.4
3.3275	-11.7
3.33	5.2
3.3325	20.2
3.335	6.2
3.3375	-39.9
3.34	-22.5
3.3425	13.7
3.345	20.9
3.3475	33.4
3.35	19.9
3.3525	2.3
3.355	-3.9
3.3575	-13.8
3.36	-22.1
3.3625	-3.5
3.365	5.0
3.3675	-17.7
3.37	-16.2
3.3725	19.0
3.375	21.7
3.3775	4.3
3.38	18.0
3.3825	6.9
3.385	-12.8
3.3875	9.8
3.39	-7.6
3.3925	-31.7
3.395	5.0
3.3975	26.0
3.4	18.3
3.4025	19.3
3.405	8.1
3.4075	-8.4
3.41	-8.1
3.4125	-2.5
3.415	11.2
3.4175	3.7
3.42	-1.2
3.4225	3.0
3.425	17.5
3.4275	13.1
3.43	-16.9
3.4325	-10.2
3.435	7.9
3.4375	3.8
3.44	-14.4
3.4425	-11.5
3.445	-12.2
3.4475	-27.3
3.45	-14.7
3.4525	17.2
3.455	-0.6
3.4575	-2.5
3.46	39.6
3.4625	25.6
3.465	8.2
3.4675	11.7
3.47	13.2
3.4725	15.1
3.475	-3.2
3.4775	-18.3
3.48	-4.7
3.4825	7.4
3.485	10.4
3.4875	3.1
3.49	-6.3
3.4925	2.8
3.495	2.0
3.4975	-18.4
3.5	-13.0
3.5025	-20.8
3.505	-20.7
3.5075	21.5
3.51	19.0
3.5125	27.2
3.515	19.3
3.5175	-22.3
3.52	1.8
3.5225	20.6
3.525	7.1
3.5275	5.2
3.53	-0.0
3.5325	14.6
3.535	23.3
3.5375	1.0
3.54	-4.8
3.5425	7.3
3.545	17.0
3.5475	10.0
3.55	-4.5
3.5525	7.7
3.555	18.4
3.5575	10.6
3.56	2.1
3.5625	-5.5
3.565	4.4
3.5675	20.2
3.57	14.1
3.5725	-8.9
3.575	-6.1
3.5775	19.0
3.58	14.8
3.5825	0.4
3.585	-0.9
3.5875	-2.0
3.59	14.2
3.5925	29.7
3.595	14.3
3.5975	3.8
3.6	-13.4
3.6025	-12.6
3.605	16.4
3.6075	23.1
3.61	23.0
3.6125	13.6
3.615	-4.3
3.6175	2.0
3.62	11.1
3.6225	1.2
3.625	-5.5
3.6275	-4.7
3.63	3.6
3.6325	2.0
3.635	-5.7
3.6375	-9.4
3.64	-3.9
3.6425	7.1
3.645	2.1
3.6475	0.1
3.65	0.8
3.6525	2.8
3.655	3.9
3.6575	-10.1
3.66	-24.4
3.6625	-27.8
3.665	-19.8
3.6675	-8.0
3.67	-9.4
3.6725	-18.0
3.675	-15.9
3.6775	-11.0
3.68	-12.1
3.6825	-12.3
3.685	-13.2
3.6875	-14.0
3.69	-14.6
3.6925	-16.0
3.695	-11.7
3.6975	-10.4
3.7	-11.0
3.7025	-11.6
3.705	-9.3
3.7075	-3.5
3.71	-5.6
3.7125	-8.6
3.715	-10.2
3.7175	-6.7
3.72	-5.6
3.7225	-9.2
3.725	-1.8
3.7275	10.7
3.73	14.9
3.7325	7.8
3.735	0.2
3.7375	0.6
3.74	-2.4
3.7425	-8.2
3.745	-2.3
3.7475	4.4
3.75	-2.7
3.7525	-12.0
3.755	-5.8
3.7575	1.7
3.76	-0.3
3.7625	-2.0
3.765	1.7
3.7675	11.3
3.77	16.4
3.7725	18.1
3.775	16.3
3.7775	6.9
3.78	2.9
3.7825	11.4
3.785	17.3
3.7875	23.2
3.79	24.2
3.7925	6.6
3.795	-6.4
3.7975	-4.4
3.8	5.4
3.8025	7.1
3.805	3.3
3.8075	11.1
3.81	18.1
3.8125	17.2
3.815	11.3
3.8175	6.4
3.82	10.3
3.8225	16.9
3.825	13.6
3.8275	5.4
3.83	-1.8
3.8325	-9.2
3.835	9.9
3.8375	23.4
3.84	15.0
3.8425	10.6
3.845	0.3
3.8475	2.3
3.85	14.6
3.8525	16.8
3.855	9.1
3.8575	1.1
3.86	-2.0
3.8625	-3.3
3.865	-0.8
3.8675	4.7
3.87	4.9
3.8725	0.7
3.875	-1.7
3.8775	-0.8
3.88	-0.5
3.8825	0.8
3.885	4.8
3.8875	1.7
3.89	-5.6
3.8925	-9.6
3.895	-10.5
3.8975	-7.0
3.9	-6.8
3.9025	-10.4
3.905	-7.2
3.9075	-4.3
3.91	-5.5
3.9125	-5.7
3.915	-3.3
3.9175	2.5
3.92	9.8
3.9225	10.9
3.925	4.4
3.9275	0.1
3.93	3.9
3.9325	13.3
3.935	18.5
3.9375	17.3
3.94	11.5
3.9425	11.9
3.945	19.2
3.9475	21.1
3.95	22.5
3.9525	24.2
3.955	30.2
3.9575	33.7
3.96	20.8
3.9625	5.3
3.965	-2.4
3.9675	-2.7
3.97	-1.6
3.9725	-6.3
3.975	-11.1
3.9775	-9.3
3.98	-4.4
3.9825	-0.4
3.985	-0.1
3.9875	0.9
3.99	6.4
3.9925	7.6
3.995	3.2
3.9975	4.4
4	9.3
4.0025	7.2
4.005	8.6
4.0075	3.5
4.01	-2.7
4.0125	11.3
4.015	19.9
4.0175	15.2
4.02	8.8
4.0225	2.8
4.025	-2.3
4.0275	-4.9
4.03	-3.9
4.0325	-0.5
4.035	-1.9
4.0375	-6.4
4.04	-6.4
4.0425	-5.9
4.045	-6.9
4.0475	-8.1
4.05	-6.3
4.0525	-3.9
4.055	-4.8
4.0575	-9.2
4.06	-14.0
4.0625	-14.1
4.065	-8.6
4.0675	2.2
4.07	1.7
4.0725	-12.0
4.075	-23.1
4.0775	-30.2
4.08	-24.8
4.0825	-17.4
4.085	-17.4
4.0875	-9.3
4.09	2.0
4.0925	4.5
4.095	4.2
4.0975	1.7
4.1	-4.0
4.1025	-5.1
4.105	-1.4
4.1075	-1.7
4.11	-7.6
4.1125	-12.2
4.115	-10.1
4.1175	-7.1
4.12	-6.6
4.1225	-3.6
4.125	-2.5
4.1275	-6.8
4.13	-4.7
4.1325	3.2
4.135	6.9
4.1375	10.4
4.14	8.2
4.1425	6.1
4.145	10.1
4.1475	3.3
4.15	-6.9
4.1525	-8.5
4.155	-8.7
4.1575	-8.3
4.16	-3.6
4.1625	2.0
4.165	7.2
4.1675	-2.2
4.17	-15.5
4.1725	-10.7
4.175	-2.6
4.1775	-1.5
4.18	-4.3
4.1825	-3.8
4.185	-1.3
4.1875	-2.6
4.19	0.2
4.1925	5.8
4.195	8.5
4.1975	17.2
4.2	26.8
4.2025	17.2
4.205	-2.1
4.2075	-8.8
4.21	0.3
4.2125	9.3
4.215	8.8
4.2175	7.6
4.22	8.0
4.2225	10.1
4.225	8.5
4.2275	3.3
4.23	2.8
4.2325	6.9
4.235	11.0
4.2375	5.3
4.24	-2.0
4.2425	-2.5
4.245	-3.6
4.2475	-4.9
4.25	-5.4
4.2525	-8.1
4.255	-8.8
4.2575	-5.2
4.26	-4.2
4.2625	-5.1
4.265	-1.3
4.2675	8.5
4.27	16.8
4.2725	18.9
4.275	13.6
4.2775	7.9
4.28	15.6
4.2825	20.8
4.285	11.4
4.2875	4.9
4.29	4.8
4.2925	8.1
4.295	12.3
4.2975	12.6
4.3	14.7
4.3025	16.0
4.305	12.6
4.3075	8.9
4.31	4.7
4.3125	2.2
4.315	3.4
4.3175	4.7
4.32	1.4
4.3225	-6.6
4.325	-9.3
4.3275	-2.1
4.33	4.5
4.3325	6.4
4.335	8.1
4.3375	7.3
4.34	2.1
4.3425	-0.5
4.345	-0.6
4.3475	-1.6
4.35	-0.4
4.3525	6.1
4.355	4.8
4.3575	1.0
4.36	9.7
4.3625	7.2
4.365	-5.5
4.3675	-5.8
4.37	-0.5
4.3725	-1.3
4.375	-4.5
4.3775	-0.8
4.38	1.9
4.3825	0.6
4.385	0.8
4.3875	2.1
4.39	8.2
4.3925	12.5
4.395	8.0
4.3975	1.8
4.4	0.4
4.4025	-0.5
4.405	-4.3
4.4075	-11.3
4.41	-14.9
4.4125	-10.8
4.415	-8.7
4.4175	-11.8
4.42	-8.3
4.4225	-0.1
4.425	-2.1
4.4275	-6.7
4.43	-4.5
4.4325	1.9
4.435	3.4
4.4375	-0.3
4.44	7.0
4.4425	15.7
4.445	11.1
4.4475	9.8
4.45	14.2
4.4525	11.7
4.455	4.3
4.4575	-3.7
4.46	-9.0
4.4625	-11.9
4.465	-14.7
4.4675	-14.3
4.47	-9.7
4.4725	-11.1
4.475	-20.1
4.4775	-24.5
4.48	-24.8
4.4825	-23.1
4.485	-23.7
4.4875	-28.2
4.49	-30.8
4.4925	-29.6
4.495	-29.0
4.4975	-33.9
4.5	-38.3
4.5025	-37.8
4.505	-32.4
4.5075	-29.2
4.51	-33.9
4.5125	-39.1
4.515	-34.3
4.5175	-27.9
4.52	-36.0
4.5225	-49.7
4.525	-48.6
4.5275	-34.6
4.53	-29.5
4.5325	-33.4
4.535	-34.5
4.5375	-27.4
4.54	-20.8
4.5425	-22.8
4.545	-23.8
4.5475	-19.8
4.55	-17.0
4.5525	-20.3
4.555	-17.8
4.5575	-10.3
4.56	-12.2
4.5625	-15.0
4.565	-14.4
4.5675	-12.4
4.57	-9.7
4.5725	-10.2
4.575	-8.4
4.5775	-6.0
4.58	-9.2
4.5825	-12.5
4.585	-12.3
4.5875	-7.1
4.59	-0.1
4.5925	1.8
4.595	-0.1
4.5975	2.8
4.6	12.9
4.6025	18.0
4.605	12.3
4.6075	7.8
4.61	8.6
4.6125	12.0
4.615	14.6
4.6175	14.6
4.62	20.6
4.6225	25.3
4.625	19.8
4.6275	6.8
4.63	-5.9
4.6325	-8.0
4.635	-4.8
4.6375	0.1
4.64	4.9
4.6425	-3.8
4.645	-19.6
4.6475	-20.7
4.65	-10.1
4.6525	-4.2
4.655	-12.4
4.6575	-19.3
4.66	-17.0
4.6625	-12.6
4.665	-7.4
4.6675	-7.9
4.67	-11.2
4.6725	-18.3
4.675	-22.7
4.6775	-18.7
4.68	-17.0
4.6825	-17.3
4.685	-12.1
4.6875	-7.2
4.69	-12.5
4.6925	-15.7
4.695	-13.5
4.6975	-10.7
4.7	-0.6
4.7025	6.0
4.705	7.5
4.7075	14.8
4.71	14.2
4.7125	1.9
4.715	0.7
4.7175	14.5
4.72	22.6
4.7225	21.0
4.725	29.7
4.7275	49.8
4.73	63.1
4.7325	74.2
4.735	87.9
4.7375	90.8
4.74	82.1
4.7425	70.2
4.745	57.2
4.7475	58.9
4.75	72.2
4.7525	72.1
4.755	64.3
4.7575	58.9
4.76	56.3
4.7625	50.5
4.765	45.5
4.7675	47.6
4.77	42.1
4.7725	27.8
4.775	13.7
4.7775	2.0
4.78	-5.9
4.7825	-20.5
4.785	-33.3
4.7875	-27.8
4.79	-15.4
4.7925	-11.2
4.795	-15.1
4.7975	-10.4
4.8	-0.7
4.8025	1.4
4.805	2.4
4.8075	-0.2
4.81	-4.5
4.8125	-4.1
4.815	1.7
4.8175	13.5
4.82	20.6
4.8225	23.5
4.825	24.1
4.8275	18.6
4.83	14.6
4.8325	11.4
4.835	10.4
4.8375	12.5
4.84	11.7
4.8425	8.5
4.845	7.2
4.8475	9.9
4.85	11.1
4.8525	7.8
4.855	4.5
4.8575	-0.5
4.86	-8.9
4.8625	-14.9
4.865	-19.1
4.8675	-21.2
4.87	-20.5
4.8725	-18.8
4.875	-18.5
4.8775	-18.1
4.88	-15.4
4.8825	-8.4
4.885	-5.0
4.8875	-17.9
4.89	-29.9
4.8925	-28.0
4.895	-26.0
4.8975	-27.3
4.9	-19.1
4.9025	6.8
4.905	34.7
4.9075	46.9
4.91	54.8
4.9125	60.5
4.915	60.8
4.9175	60.5
4.92	57.0
4.9225	51.1
4.925	46.9
4.9275	41.0
4.93	36.8
4.9325	36.6
4.935	29.0
4.9375	22.4
4.94	17.7
4.9425	10.4
4.945	-2.0
4.9475	-10.9
4.95	3.4
4.9525	-1.8
4.955	-35.8
4.9575	-47.5
4.96	-39.6
4.9625	-33.5
4.965	-31.4
4.9675	-31.8
4.97	-32.0
4.9725	-28.5
4.975	-21.3
4.9775	-16.2
4.98	-10.7
4.9825	-8.1
4.985	-8.5
4.9875	1.6
4.99	8.4
4.9925	5.1
4.995	10.9
4.9975	18.3
Interval=	0.002500 s
ExcelDateTime=	4.4620599225648992e+004	2/28/2022 14:22:53.096073
TimeFormat=	StartOfBlock
DateFormat=	
ChannelTitle=	Channel 1
Range=	1000.0 µV
0	-0.5
0.0025	-3.6
0.005	-3.0
0.0075	-0.6
0.01	6.0
0.0125	11.6
0.015	-1.2
0.0175	-15.7
0.02	-12.6
0.0225	2.6
0.025	14.8
0.0275	16.7
0.03	10.8
0.0325	1.8
0.035	-4.8
0.0375	-2.1
0.04	7.3
0.0425	12.1
0.045	10.3
0.0475	5.4
0.05	-0.4
0.0525	-3.3
0.055	-1.2
0.0575	0.5
0.06	5.0
0.0625	5.2
0.065	0.6
0.0675	-0.4
0.07	-9.7
0.0725	-16.7
0.075	-11.1
0.0775	-4.3
0.08	1.3
0.0825	-2.0
0.085	-8.3
0.0875	-2.3
0.09	1.5
0.0925	-2.5
0.095	-5.9
0.0975	-7.5
0.1	-5.1
0.1025	-1.3
0.105	4.1
0.1075	11.6
0.11	10.8
0.1125	4.3
0.115	2.6
0.1175	-1.1
0.12	-8.3
0.1225	-6.7
0.125	2.9
0.1275	9.7
0.13	8.9
0.1325	4.5
0.135	1.7
0.1375	2.1
0.14	4.9
0.1425	9.9
0.145	14.5
0.1475	13.0
0.15	5.0
0.1525	-2.4
0.155	0.7
0.1575	9.2
0.16	9.6
0.1625	0.5
0.165	-7.1
0.1675	-2.7
0.17	1.9
0.1725	-2.3
0.175	-2.2
0.1775	2.8
0.18	2.7
0.1825	-1.2
0.185	-7.1
0.1875	-7.1
0.19	1.4
0.1925	6.9
0.195	6.3
0.1975	0.7
0.2	-1.3
0.2025	5.0
0.205	5.7
0.2075	-3.5
0.21	-8.8
0.2125	-8.7
0.215	-4.2
0.2175	4.7
0.22	-1.6
0.2225	-12.8
0.225	-5.6
0.2275	2.1
0.23	-4.7
0.2325	-6.1
0.235	1.6
0.2375	3.3
0.24	2.8
0.2425	6.0
0.245	9.8
0.2475	9.5
0.25	5.8
0.2525	2.2
0.255	-0.1
0.2575	-0.4
0.26	3.1
0.2625	6.2
0.265	2.5
0.2675	1.8
0.27	4.3
0.2725	1.7
0.275	-4.8
0.2775	-6.0
0.28	2.4
0.2825	7.8
0.285	4.4
0.2875	-0.6
0.29	-1.2
0.2925	1.1
0.295	5.3
0.2975	6.5
0.3	-2.4
0.3025	-11.1
0.305	-10.9
0.3075	0.3
0.31	16.8
0.3125	13.9
0.315	-4.2
0.3175	-9.9
0.32	-5.1
0.3225	-1.7
0.325	-3.2
0.3275	-8.1
0.33	-8.6
0.3325	-7.5
0.335	-11.4
0.3375	-8.3
0.34	2.4
0.3425	6.0
0.345	2.5
0.3475	0.8
0.35	1.8
0.3525	0.8
0.355	0.8
0.3575	4.4
0.36	5.2
0.3625	4.3
0.365	9.3
0.3675	6.2
0.37	-7.4
0.3725	-10.1
0.375	-3.2
0.3775	0.8
0.38	-3.6
0.3825	-10.5
0.385	-9.4
0.3875	-3.1
0.39	0.7
0.3925	1.9
0.395	2.3
0.3975	-0.5
0.4	-2.3
0.4025	4.6
0.405	18.2
0.4075	19.6
0.41	3.6
0.4125	-6.0
0.415	-4.3
0.4175	-2.3
0.42	-5.1
0.4225	-9.5
0.425	-7.5
0.4275	-2.5
0.43	-0.4
0.4325	-2.6
0.435	-7.4
0.4375	-10.0
0.44	-4.6
0.4425	3.3
0.445	7.7
0.4475	8.0
0.45	3.6
0.4525	1.2
0.455	3.1
0.4575	3.4
0.46	-0.8
0.4625	1.0
0.465	11.1
0.4675	9.8
0.47	2.3
0.4725	3.7
0.475	6.3
0.4775	9.2
0.48	9.8
0.4825	3.3
0.485	-0.7
0.4875	3.5
0.49	6.8
0.4925	5.4
0.495	9.2
0.4975	11.2
0.5	6.9
0.5025	6.3
0.505	2.7
0.5075	6.3
0.51	14.7
0.5125	5.7
0.515	-3.8
0.5175	-5.5
0.52	-8.0
0.5225	-7.0
0.525	-2.8
0.5275	1.4
0.53	1.0
0.5325	-5.4
0.535	-11.6
0.5375	-14.3
0.54	-9.5
0.5425	-1.4
0.545	-1.9
0.5475	-8.8
0.55	-12.2
0.5525	-4.7
0.555	-0.0
0.5575	-1.4
0.56	1.7
0.5625	2.1
0.565	-1.8
0.5675	-3.5
0.57	-1.0
0.5725	7.9
0.575	16.7
0.5775	16.1
0.58	8.7
0.5825	-3.1
0.585	-9.2
0.5875	-4.3
0.59	2.2
0.5925	7.3
0.595	15.9
0.5975	16.9
0.6	-0.4
0.6025	-15.8
0.605	-14.6
0.6075	-8.5
0.61	-3.5
0.6125	1.5
0.615	0.4
0.6175	-6.2
0.62	-14.0
0.6225	-14.8
0.625	-0.1
0.6275	10.9
0.63	6.5
0.6325	-2.0
0.635	1.1
0.6375	8.7
0.64	-0.1
0.6425	-9.1
0.645	-9.5
0.6475	-9.0
0.65	-6.3
0.6525	-5.2
0.655	-5.2
0.6575	-0.4
0.66	1.9
0.6625	-4.2
0.665	-3.4
0.6675	1.6
0.67	-0.6
0.6725	-1.4
0.675	-0.9
0.6775	0.2
0.68	5.4
0.6825	1.5
0.685	-7.3
0.6875	-6.8
0.69	-5.8
0.6925	-4.8
0.695	-0.8
0.6975	-3.4
0.7	-8.4
0.7025	-2.4
0.705	5.3
0.7075	4.2
0.71	4.7
0.7125	8.4
0.715	5.8
0.7175	1.5
0.72	-0.8
0.7225	6.6
0.725	14.6
0.7275	3.3
0.73	-6.9
0.7325	-3.7
0.735	-3.3
0.7375	-5.9
0.74	-2.9
0.7425	-0.1
0.745	-3.0
0.7475	-4.3
0.75	0.8
0.7525	5.8
0.755	11.3
0.7575	12.2
0.76	5.5
0.7625	2.3
0.765	11.4
0.7675	19.8
0.77	6.9
0.7725	-8.3
0.775	-7.0
0.7775	-5.9
0.78	-9.0
0.7825	-11.2
0.785	-11.9
0.7875	-7.5
0.79	-1.9
0.7925	5.8
0.795	12.8
0.7975	8.1
0.8	-0.1
0.8025	-2.5
0.805	2.7
0.8075	13.2
0.81	10.8
0.8125	-2.7
0.815	-5.3
0.8175	1.6
0.82	5.8
0.8225	7.3
0.825	8.4
0.8275	3.8
0.83	-8.1
0.8325	-10.6
0.835	3.1
0.8375	11.9
0.84	6.1
0.8425	1.0
0.845	-0.0
0.8475	-2.8
0.85	0.8
0.8525	0.6
0.855	-4.2
0.8575	-1.4
0.86	-2.2
0.8625	-8.0
0.865	-11.3
0.8675	-11.7
0.87	-7.0
0.8725	1.2
0.875	3.0
0.8775	0.2
0.88	3.0
0.8825	6.6
0.885	6.0
0.8875	2.2
0.89	4.6
0.8925	15.6
0.895	14.9
0.8975	6.7
0.9	3.1
0.9025	-2.3
0.905	-2.2
0.9075	6.0
0.91	7.2
0.9125	7.1
0.915	10.0
0.9175	6.1
0.92	0.8
0.9225	-0.5
0.925	-0.3
0.9275	-0.7
0.93	6.8
0.9325	9.7
0.935	-0.8
0.9375	-6.2
0.94	-9.0
0.9425	-10.5
0.945	-2.8
0.9475	2.9
0.95	3.8
0.9525	3.8
0.955	2.3
0.9575	-1.0
0.96	-6.0
0.9625	-5.3
0.965	-1.4
0.9675	3.5
0.97	6.8
0.9725	0.5
0.975	-4.8
0.9775	-2.5
0.98	2.6
0.9825	3.1
0.985	-4.3
0.9875	-5.4
0.99	1.0
0.9925	4.4
0.995	7.0
0.9975	4.8
1	-0.8
1.0025	-2.9
1.005	-0.4
1.0075	2.8
1.01	9.7
1.0125	9.6
1.015	-4.0
1.0175	-7.3
1.02	-1.8
1.0225	0.3
1.025	2.6
1.0275	5.4
1.03	3.9
1.0325	-0.2
1.035	-1.5
1.0375	1.2
1.04	6.0
1.0425	13.5
1.045	17.5
1.0475	17.8
1.05	11.8
1.0525	-6.1
1.055	-17.7
1.0575	-9.1
1.06	8.1
1.0625	8.6
1.065	-2.2
1.0675	-6.4
1.07	-11.0
1.0725	-10.7
1.075	-5.3
1.0775	-7.4
1.08	-8.5
1.0825	-6.0
1.085	-4.8
1.0875	-5.3
1.09	-2.1
1.0925	6.8
1.095	0.4
1.0975	-16.6
1.1	-19.2
1.1025	-9.1
1.105	2.6
1.1075	6.3
1.11	-0.6
1.1125	-5.8
1.115	-1.8
1.1175	2.2
1.12	2.9
1.1225	4.1
1.125	3.0
1.1275	0.9
1.13	6.5
1.1325	11.5
1.135	2.7
1.1375	-9.3
1.14	-13.5
1.1425	-10.6
1.145	-3.2
1.1475	5.1
1.15	8.5
1.1525	6.2
1.155	-1.9
1.1575	-8.5
1.16	-5.3
1.1625	0.0
1.165	5.0
1.1675	8.3
1.17	9.5
1.1725	10.6
1.175	1.0
1.1775	-9.7
1.18	-4.6
1.1825	2.0
1.185	2.1
1.1875	2.6
1.19	-1.4
1.1925	-0.9
1.195	7.4
1.1975	6.0
1.2	2.4
1.2025	2.4
1.205	1.9
1.2075	1.3
1.21	-0.4
1.2125	3.1
1.215	13.0
1.2175	14.1
1.22	6.6
1.2225	6.0
1.225	6.5
1.2275	2.7
1.23	-2.2
1.2325	-0.6
1.235	8.9
1.2375	15.4
1.24	13.2
1.2425	4.6
1.245	0.0
1.2475	4.3
1.25	7.1
1.2525	6.5
1.255	6.1
1.2575	3.8
1.26	2.9
1.2625	-1.9
1.265	-6.7
1.2675	-5.5
1.27	-3.4
1.2725	0.4
1.275	0.3
1.2775	-0.8
1.28	0.4
1.2825	0.1
1.285	2.7
1.2875	6.0
1.29	10.7
1.2925	20.6
1.295	16.9
1.2975	-2.8
1.3	-13.6
1.3025	-8.3
1.305	1.1
1.3075	3.1
1.31	0.9
1.3125	0.4
1.315	-1.5
1.3175	-6.9
1.32	-9.5
1.3225	-0.9
1.325	7.8
1.3275	0.9
1.33	-5.8
1.3325	2.7
1.335	1.4
1.3375	-15.4
1.34	-19.5
1.3425	-11.1
1.345	-6.3
1.3475	-4.4
1.35	-5.2
1.3525	-7.5
1.355	-2.0
1.3575	3.2
1.36	-2.2
1.3625	-3.8
1.365	-0.4
1.3675	-1.7
1.37	3.7
1.3725	12.1
1.375	4.8
1.3775	-3.9
1.38	-4.0
1.3825	-6.9
1.385	-1.8
1.3875	8.7
1.39	8.8
1.3925	5.3
1.395	3.8
1.3975	2.9
1.4	-0.6
1.4025	2.9
1.405	16.0
1.4075	14.9
1.41	2.7
1.4125	-2.0
1.415	-4.7
1.4175	-3.3
1.42	5.3
1.4225	8.1
1.425	2.3
1.4275	-0.8
1.43	2.5
1.4325	2.4
1.435	-3.6
1.4375	-9.6
1.44	-13.0
1.4425	-7.2
1.445	-0.6
1.4475	-3.9
1.45	-6.2
1.4525	1.4
1.455	9.1
1.4575	-0.3
1.46	-8.8
1.4625	-4.2
1.465	-4.9
1.4675	-5.2
1.47	-0.6
1.4725	-4.7
1.475	-11.9
1.4775	-5.2
1.48	10.8
1.4825	15.1
1.485	13.2
1.4875	13.2
1.49	1.3
1.4925	-6.8
1.495	-2.2
1.4975	-3.2
1.5	-5.6
1.5025	-2.8
1.505	0.1
1.5075	-0.7
1.51	-5.4
1.5125	-1.3
1.515	14.1
1.5175	15.0
1.52	1.6
1.5225	-2.7
1.525	-0.7
1.5275	8.4
1.53	15.5
1.5325	-3.1
1.535	-22.8
1.5375	-20.2
1.54	-11.2
1.5425	-7.2
1.545	-7.9
1.5475	-13.1
1.55	-16.5
1.5525	-9.5
1.555	-2.4
1.5575	-1.7
1.56	0.4
1.5625	-0.7
1.565	-3.5
1.5675	-0.2
1.57	3.2
1.5725	0.7
1.575	0.9
1.5775	3.0
1.58	-4.2
1.5825	-9.4
1.585	-3.3
1.5875	3.9
1.59	5.2
1.5925	3.8
1.595	8.8
1.5975	11.6
1.6	4.3
1.6025	1.7
1.605	5.6
1.6075	11.9
1.61	14.0
1.6125	6.5
1.615	2.3
1.6175	5.0
1.62	13.2
1.6225	17.3
1.625	9.0
1.6275	-0.1
1.63	-3.4
1.6325	-0.7
1.635	1.1
1.6375	-2.8
1.64	-3.8
1.6425	0.2
1.645	0.9
1.6475	0.5
1.65	2.9
1.6525	1.8
1.655	0.3
1.6575	2.8
1.66	0.1
1.6625	-5.9
1.665	-0.8
1.6675	6.6
1.67	-1.0
1.6725	-7.1
1.675	1.6
1.6775	3.2
1.68	-5.1
1.6825	-6.5
1.685	-0.4
1.6875	4.1
1.69	5.1
1.6925	6.3
1.695	5.8
1.6975	3.5
1.7	-0.2
1.7025	-3.1
1.705	-3.0
1.7075	-4.0
1.71	-0.9
1.7125	4.3
1.715	4.0
1.7175	7.9
1.72	12.3
1.7225	7.8
1.725	-0.7
1.7275	-9.3
1.73	-14.0
1.7325	-7.4
1.735	2.1
1.7375	-1.4
1.74	-5.6
1.7425	-0.6
1.745	2.5
1.7475	1.8
1.75	1.6
1.7525	-1.3
1.755	-2.9
1.7575	-0.7
1.76	-1.0
1.7625	3.0
1.765	8.1
1.7675	-1.6
1.77	-15.2
1.7725	-16.0
1.775	-8.5
1.7775	-0.1
1.78	4.4
1.7825	4.8
1.785	5.3
1.7875	6.1
1.79	4.5
1.7925	0.7
1.795	1.2
1.7975	4.5
1.8	3.6
1.8025	0.6
1.805	2.0
1.8075	11.7
1.81	19.3
1.8125	11.4
1.815	-1.3
1.8175	-8.0
1.82	-10.5
1.8225	-3.1
1.825	7.3
1.8275	7.4
1.83	1.3
1.8325	-3.5
1.835	-1.1
1.8375	2.3
1.84	-2.3
1.8425	-7.8
1.845	-8.1
1.8475	-8.3
1.85	-8.0
1.8525	-4.2
1.855	-4.4
1.8575	-1.0
1.86	8.5
1.8625	5.2
1.865	-4.9
1.8675	-6.9
1.87	-6.3
1.8725	-6.6
1.875	-6.0
1.8775	-3.9
1.88	-1.6
1.8825	-2.8
1.885	-4.4
1.8875	-3.0
1.89	-4.0
1.8925	-4.5
1.895	0.7
1.8975	2.8
1.9	2.2
1.9025	9.3
1.905	17.2
1.9075	11.3
1.91	2.4
1.9125	1.9
1.915	0.8
1.9175	-2.6
1.92	-2.2
1.9225	1.8
1.925	3.9
1.9275	3.4
1.93	4.0
1.9325	4.9
1.935	3.1
1.9375	0.5
1.94	2.7
1.9425	8.0
1.945	13.4
1.9475	8.1
1.95	-13.3
1.9525	-22.9
1.955	-13.4
1.9575	-7.4
1.96	-2.1
1.9625	7.9
1.965	10.3
1.9675	7.9
1.97	6.0
1.9725	-2.4
1.975	-10.1
1.9775	-7.9
1.98	-3.9
1.9825	-2.4
1.985	-2.2
1.9875	-1.7
1.99	-2.7
1.9925	-2.3
1.995	2.4
1.9975	-1.6
2	-7.7
2.0025	-3.8
2.005	1.4
2.0075	1.7
2.01	1.1
2.0125	2.4
2.015	3.4
2.0175	1.0
2.02	-0.7
2.0225	8.7
2.025	18.4
2.0275	15.2
2.03	10.7
2.0325	10.5
2.035	13.0
2.0375	17.1
2.04	11.3
2.0425	-2.5
2.045	-8.1
2.0475	-1.2
2.05	8.4
2.0525	11.8
2.055	7.2
2.0575	0.8
2.06	-3.7
2.0625	-6.2
2.065	-3.8
2.0675	0.4
2.07	3.8
2.0725	5.5
2.075	1.2
2.0775	-5.4
2.08	-5.2
2.0825	0.7
2.085	0.9
2.0875	-4.8
2.09	-5.2
2.0925	-3.2
2.095	-4.8
2.0975	-4.2
2.1	-1.6
2.1025	-2.4
2.105	0.0
2.1075	8.1
2.11	9.3
2.1125	3.2
2.115	0.3
2.1175	0.1
2.12	-0.8
2.1225	1.0
2.125	4.8
2.1275	4.4
2.13	4.1
2.1325	10.1
2.135	5.3
2.1375	-14.1
2.14	-20.4
2.1425	-2.3
2.145	17.8
2.1475	11.4
2.15	-7.7
2.1525	-9.8
2.155	-3.3
2.1575	3.8
2.16	10.7
2.1625	8.9
2.165	4.3
2.1675	1.2
2.17	-2.9
2.1725	1.9
2.175	15.5
2.1775	11.4
2.18	-7.6
2.1825	-9.9
2.185	-0.3
2.1875	1.7
2.19	-0.8
2.1925	-6.3
2.195	-9.6
2.1975	-5.9
2.2	-2.9
2.2025	-5.2
2.205	-7.0
2.2075	-2.7
2.21	0.7
2.2125	-1.5
2.215	-3.5
2.2175	-1.4
2.22	-1.1
2.2225	4.3
2.225	14.8
2.2275	10.3
2.23	-0.3
2.2325	1.2
2.235	4.3
2.2375	1.8
2.24	0.5
2.2425	1.2
2.245	2.6
2.2475	2.9
2.25	0.3
2.2525	-5.7
2.255	-8.9
2.2575	-6.0
2.26	-3.2
2.2625	-3.7
2.265	-1.0
2.2675	4.0
2.27	3.5
2.2725	9.0
2.275	18.7
2.2775	11.1
2.28	-8.5
2.2825	-19.6
2.285	-12.3
2.2875	-0.3
2.29	-0.7
2.2925	-5.0
2.295	-5.6
2.2975	-4.9
2.3	-2.1
2.3025	-1.9
2.305	-5.8
2.3075	-4.1
2.31	3.9
2.3125	8.1
2.315	7.3
2.3175	5.5
2.32	2.8
2.3225	6.8
2.325	12.1
2.3275	6.2
2.33	0.9
2.3325	-1.1
2.335	-1.3
2.3375	2.0
2.34	-0.8
2.3425	-4.6
2.345	-1.3
2.3475	4.8
2.35	7.9
2.3525	5.1
2.355	-0.9
2.3575	-4.7
2.36	-1.8
2.3625	3.7
2.365	7.2
2.3675	6.3
2.37	1.5
2.3725	-4.8
2.375	-5.3
2.3775	7.6
2.38	9.8
2.3825	-5.2
2.385	-10.1
2.3875	-4.3
2.39	-0.7
2.3925	-0.6
2.395	-4.2
2.3975	-5.3
2.4	-3.1
2.4025	-4.9
2.405	-5.1
2.4075	-3.7
2.41	-4.3
2.4125	-1.7
2.415	2.9
2.4175	4.8
2.42	5.1
2.4225	10.0
2.425	10.5
2.4275	3.1
2.43	7.4
2.4325	16.1
2.435	14.3
2.4375	9.4
2.44	7.1
2.4425	3.8
2.445	0.9
2.4475	0.0
2.45	0.2
2.4525	1.0
2.455	0.1
2.4575	-0.8
2.46	-2.6
2.4625	-3.1
2.465	3.3
2.4675	9.3
2.47	7.9
2.4725	4.1
2.475	3.3
2.4775	3.3
2.48	8.4
2.4825	11.0
2.485	1.9
2.4875	-1.3
2.49	0.1
2.4925	-0.8
2.495	-0.6
2.4975	-1.2
2.5	-1.6
2.5025	0.7
2.505	4.9
2.5075	6.9
2.51	5.8
2.5125	3.3
2.515	2.3
2.5175	6.4
2.52	9.9
2.5225	5.9
2.525	-1.6
2.5275	2.9
2.53	14.4
2.5325	7.5
2.535	-6.0
2.5375	-5.0
2.54	0.2
2.5425	-0.6
2.545	-5.3
2.5475	-5.8
2.55	-0.6
2.5525	1.2
2.555	-0.7
2.5575	-1.5
2.56	-1.2
2.5625	3.8
2.565	7.1
2.5675	3.4
2.57	-0.3
2.5725	2.2
2.575	11.6
2.5775	8.5
2.58	-8.9
2.5825	-14.6
2.585	-5.2
2.5875	3.8
2.59	3.5
2.5925	-1.8
2.595	-2.8
2.5975	1.8
2.6	3.3
2.6025	-1.3
2.605	-4.2
2.6075	-2.9
2.61	-5.1
2.6125	-7.4
2.615	-3.9
2.6175	-5.0
2.62	-8.1
2.6225	-7.7
2.625	0.3
2.6275	10.6
2.63	4.1
2.6325	-6.3
2.635	-6.0
2.6375	-1.9
2.64	3.7
2.6425	9.9
2.645	10.7
2.6475	6.6
2.65	5.5
2.6525	6.7
2.655	4.1
2.6575	4.1
2.66	11.2
2.6625	9.9
2.665	2.7
2.6675	3.4
2.67	-2.6
2.6725	-11.1
2.675	-5.4
2.6775	-0.5
2.68	-1.1
2.6825	-5.3
2.685	-10.1
2.6875	-3.1
2.69	7.6
2.6925	11.0
2.695	5.3
2.6975	-3.3
2.7	-3.8
2.7025	2.5
2.705	9.4
2.7075	7.6
2.71	1.1
2.7125	2.2
2.715	11.2
2.7175	12.3
2.72	-5.2
2.7225	-19.1
2.725	-19.2
2.7275	-13.3
2.73	-8.3
2.7325	-2.1
2.735	9.6
2.7375	8.3
2.74	-1.8
2.7425	-4.9
2.745	-3.3
2.7475	0.3
2.75	2.8
2.7525	1.3
2.755	0.1
2.7575	4.6
2.76	12.2
2.7625	19.4
2.765	15.1
2.7675	1.4
2.77	-1.1
2.7725	4.3
2.775	3.9
2.7775	3.6
2.78	4.5
2.7825	6.7
2.785	11.0
2.7875	9.7
2.79	7.1
2.7925	5.1
2.795	-0.2
2.7975	-4.3
2.8	-4.0
2.8025	-4.9
2.805	-7.8
2.8075	-6.0
2.81	-1.0
2.8125	0.8
2.815	2.5
2.8175	5.1
2.82	-2.4
2.8225	-7.8
2.825	-2.7
2.8275	1.0
2.83	0.0
2.8325	-4.1
2.835	-3.0
2.8375	3.7
2.84	8.7
2.8425	9.9
2.845	6.2
2.8475	1.7
2.85	0.4
2.8525	3.4
2.855	6.1
2.8575	3.2
2.86	1.2
2.8625	0.3
2.865	-2.4
2.8675	4.5
2.87	8.8
2.8725	-2.5
2.875	-9.5
2.8775	-5.5
2.88	-1.2
2.8825	-0.9
2.885	-6.1
2.8875	-9.1
2.89	-6.1
2.8925	0.2
2.895	8.1
2.8975	3.3
2.9	-8.1
2.9025	-10.5
2.905	-3.8
2.9075	2.3
2.91	-2.1
2.9125	-4.2
2.915	1.7
2.9175	10.3
2.92	17.3
2.9225	10.4
2.925	-4.1
2.9275	-9.2
2.93	-5.3
2.9325	-2.7
2.935	-0.9
2.9375	0.3
2.94	-4.4
2.9425	-3.3
2.945	4.3
2.9475	5.6
2.95	3.7
2.9525	3.6
2.955	2.8
2.9575	-0.7
2.96	-1.7
2.9625	1.7
2.965	4.1
2.9675	6.7
2.97	8.3
2.9725	13.7
2.975	20.2
2.9775	11.9
2.98	1.6
2.9825	-3.8
2.985	-9.8
2.9875	-5.3
2.99	5.0
2.9925	6.2
2.995	-0.4
2.9975	-7.3
3	-11.6
3.0025	-10.1
3.005	-4.7
3.0075	-1.4
3.01	-0.8
3.0125	-2.4
3.015	-4.4
3.0175	-5.3
3.02	-6.1
3.0225	-4.2
3.025	7.8
3.0275	16.3
3.03	9.4
3.0325	0.5
3.035	-6.0
3.0375	-8.2
3.04	-4.6
3.0425	-1.5
3.045	1.6
3.0475	3.2
3.05	2.9
3.0525	2.9
3.055	-2.8
3.0575	-5.3
3.06	2.4
3.0625	11.6
3.065	13.3
3.0675	11.0
3.07	11.4
3.0725	11.7
3.075	16.1
3.0775	17.1
3.08	6.5
3.0825	-2.2
3.085	-1.1
3.0875	4.2
3.09	5.3
3.0925	4.3
3.095	2.8
3.0975	-1.7
3.1	-5.0
3.1025	-4.7
3.105	-2.0
3.1075	0.4
3.11	-0.2
3.1125	3.4
3.115	10.6
3.1175	8.0
3.12	1.0
3.1225	1.4
3.125	6.5
3.1275	10.9
3.13	4.4
3.1325	-6.8
3.135	-7.1
3.1375	-3.4
3.14	-4.6
3.1425	-7.0
3.145	-7.0
3.1475	-4.3
3.15	0.0
3.1525	-0.4
3.155	-4.0
3.1575	-4.6
3.16	-1.1
3.1625	3.6
3.165	5.8
3.1675	6.0
3.17	4.5
3.1725	3.8
3.175	4.5
3.1775	8.5
3.18	12.2
3.1825	7.8
3.185	-0.0
3.1875	-2.9
3.19	-3.1
3.1925	-4.2
3.195	-3.1
3.1975	1.1
3.2	5.7
3.2025	6.9
3.205	2.6
3.2075	-3.2
3.21	-3.1
3.2125	-0.0
3.215	2.6
3.2175	6.7
3.22	6.2
3.2225	2.9
3.225	1.9
3.2275	-1.9
3.23	-5.8
3.2325	2.8
3.235	14.6
3.2375	5.4
3.24	-10.8
3.2425	-14.5
3.245	-12.6
3.2475	-11.7
3.25	-12.5
3.2525	-13.8
3.255	-13.5
3.2575	-9.9
3.26	-5.2
3.2625	-2.0
3.265	-2.0
3.2675	-2.3
3.27	0.4
3.2725	1.2
3.275	3.8
3.2775	3.8
3.28	3.1
3.2825	8.1
3.285	4.0
3.2875	2.9
3.29	10.3
3.2925	2.3
3.295	-12.1
3.2975	-10.8
3.3	-1.0
3.3025	1.8
3.305	0.2
3.3075	-2.2
3.31	-3.6
3.3125	1.1
3.315	6.1
3.3175	7.3
3.32	5.8
3.3225	3.0
3.325	2.0
3.3275	4.5
3.33	7.7
3.3325	7.4
3.335	3.2
3.3375	-0.2
3.34	1.9
3.3425	2.0
3.345	3.8
3.3475	9.1
3.35	-5.1
3.3525	-20.8
3.355	-14.5
3.3575	-7.8
3.36	-9.0
3.3625	-5.9
3.365	1.4
3.3675	1.7
3.37	-0.4
3.3725	-0.6
3.375	-2.3
3.3775	-1.4
3.38	0.0
3.3825	-0.9
3.385	-3.8
3.3875	-6.8
3.39	-2.3
3.3925	1.1
3.395	-6.9
3.3975	-13.6
3.4	-14.3
3.4025	-12.7
3.405	-11.9
3.4075	-15.3
3.41	-20.0
3.4125	-25.0
3.415	-25.7
3.4175	-27.8
3.42	-39.0
3.4225	-46.3
3.425	-52.2
3.4275	-56.2
3.43	-58.2
3.4325	-65.2
3.435	-68.3
3.4375	-70.0
3.44	-63.4
3.4425	-43.5
3.445	-40.4
3.4475	-54.3
3.45	-55.9
3.4525	-40.6
3.455	-26.5
3.4575	-22.0
3.46	-18.8
3.4625	-12.5
3.465	-7.1
3.4675	0.4
3.47	0.3
3.4725	-4.4
3.475	4.7
3.4775	10.5
3.48	8.4
3.4825	13.4
3.485	27.8
3.4875	35.4
3.49	25.4
3.4925	13.8
3.495	19.3
3.4975	35.9
3.5	43.2
3.5025	36.6
3.505	28.1
3.5075	23.8
3.51	25.7
3.5125	29.9
3.515	27.5
3.5175	22.9
3.52	23.5
3.5225	23.3
3.525	23.3
3.5275	29.9
3.53	27.5
3.5325	17.9
3.535	19.9
3.5375	18.0
3.54	6.8
3.5425	8.3
3.545	16.3
3.5475	16.8
3.55	17.7
3.5525	21.3
3.555	20.0
3.5575	12.1
3.56	8.3
3.5625	14.0
3.565	19.0
3.5675	14.2
3.57	6.9
3.5725	7.2
3.575	15.2
3.5775	24.8
3.58	22.2
3.5825	13.8
3.585	16.5
3.5875	19.0
3.59	15.1
3.5925	11.1
3.595	10.0
3.5975	12.1
3.6	11.4
3.6025	9.8
3.605	11.8
3.6075	14.6
3.61	13.4
3.6125	8.4
3.615	2.7
3.6175	4.7
3.62	15.3
3.6225	24.3
3.625	27.7
3.6275	23.1
3.63	15.3
3.6325	9.7
3.635	5.8
3.6375	2.8
3.64	-3.1
3.6425	-6.1
3.645	-2.0
3.6475	0.5
3.65	5.0
3.6525	10.9
3.655	7.4
3.6575	-0.5
3.66	-3.1
3.6625	-4.2
3.665	-4.3
3.6675	-1.1
3.67	-2.2
3.6725	0.9
3.675	12.6
3.6775	9.0
3.68	-7.1
3.6825	-14.1
3.685	-15.6
3.6875	-10.9
3.69	0.2
3.6925	6.6
3.695	6.1
3.6975	9.3
3.7	14.7
3.7025	12.1
3.705	11.7
3.7075	14.9
3.71	11.5
3.7125	7.3
3.715	6.7
3.7175	10.2
3.72	19.7
3.7225	14.3
3.725	-5.4
3.7275	-11.0
3.73	-4.5
3.7325	-3.5
3.735	-3.5
3.7375	3.8
3.74	9.4
3.7425	5.7
3.745	-0.6
3.7475	-1.1
3.75	-2.0
3.7525	-4.4
3.755	-2.7
3.7575	-2.1
3.76	-4.7
3.7625	-3.8
3.765	1.8
3.7675	4.9
3.77	9.3
3.7725	13.7
3.775	6.9
3.7775	-2.4
3.78	-6.4
3.7825	-6.9
3.785	-4.2
3.7875	0.8
3.79	5.2
3.7925	7.0
3.795	6.2
3.7975	4.9
3.8	7.0
3.8025	7.9
3.805	4.6
3.8075	4.0
3.81	6.2
3.8125	3.9
3.815	0.1
3.8175	4.6
3.82	6.7
3.8225	-5.1
3.825	-13.6
3.8275	-8.7
3.83	-5.8
3.8325	-10.1
3.835	-13.4
3.8375	-17.2
3.84	-19.1
3.8425	-16.5
3.845	-11.2
3.8475	-5.7
3.85	-5.5
3.8525	-10.1
3.855	-5.3
3.8575	0.0
3.86	-5.4
3.8625	-8.3
3.865	-4.0
3.8675	5.8
3.87	5.1
3.8725	-3.6
3.875	-6.0
3.8775	-5.9
3.88	-2.0
3.8825	4.1
3.885	7.4
3.8875	7.3
3.89	5.9
3.8925	3.7
3.895	2.0
3.8975	4.6
3.9	3.2
3.9025	-0.6
3.905	-0.4
3.9075	3.3
3.91	12.4
3.9125	8.1
3.915	-10.0
3.9175	-14.8
3.92	-5.7
3.9225	4.1
3.925	3.5
3.9275	-1.2
3.93	1.5
3.9325	2.5
3.935	-3.0
3.9375	-5.8
3.94	-3.5
3.9425	-1.4
3.945	-0.7
3.9475	0.1
3.95	-4.1
3.9525	-10.1
3.955	-10.3
3.9575	-5.8
3.96	3.9
3.9625	3.3
3.965	-9.1
3.9675	-7.3
3.97	6.9
3.9725	11.2
3.975	4.4
3.9775	2.9
3.98	9.6
3.9825	12.3
3.985	9.2
3.9875	9.4
3.99	12.7
3.9925	14.0
3.995	14.5
3.9975	10.9
4	1.8
4.0025	-4.5
4.005	-4.3
4.0075	3.0
4.01	8.4
4.0125	5.0
4.015	4.2
4.0175	3.3
4.02	0.2
4.0225	4.6
4.025	11.0
4.0275	13.3
4.03	11.5
4.0325	5.0
4.035	-1.8
4.0375	1.3
4.04	11.8
4.0425	11.9
4.045	5.6
4.0475	4.3
4.05	2.5
4.0525	-2.3
4.055	-4.8
4.0575	2.4
4.06	4.8
4.0625	-10.8
4.065	-16.8
4.0675	-5.8
4.07	2.5
4.0725	6.3
4.075	6.8
4.0775	5.6
4.08	6.4
4.0825	8.4
4.085	5.4
4.0875	-1.2
4.09	-3.1
4.0925	0.6
4.095	3.9
4.0975	5.3
4.1	6.4
4.1025	2.2
4.105	-1.2
4.1075	1.3
4.11	5.1
4.1125	12.2
4.115	10.5
4.1175	-2.7
4.12	-8.0
4.1225	-3.5
4.125	0.6
4.1275	3.1
4.13	7.4
4.1325	7.4
4.135	5.3
4.1375	4.8
4.14	0.8
4.1425	-5.3
4.145	-5.5
4.1475	5.5
4.15	9.4
4.1525	-0.0
4.155	-5.6
4.1575	-6.6
4.16	0.9
4.1625	10.9
4.165	1.8
4.1675	-10.5
4.17	-6.2
4.1725	-2.8
4.175	-6.5
4.1775	-1.7
4.18	9.8
4.1825	11.0
4.185	2.6
4.1875	-2.8
4.19	-5.8
4.1925	-7.3
4.195	-4.8
4.1975	-2.2
4.2	-5.2
4.2025	-5.6
4.205	0.3
4.2075	0.0
4.21	4.0
4.2125	8.4
4.215	-3.8
4.2175	-18.9
4.22	-21.4
4.2225	-10.2
4.225	2.1
4.2275	3.4
4.23	-3.9
4.2325	-4.8
4.235	2.2
4.2375	4.6
4.24	0.5
4.2425	-3.4
4.245	-1.5
4.2475	5.5
4.25	8.6
4.2525	6.3
4.255	5.4
4.2575	6.5
4.26	2.6
4.2625	-2.4
4.265	3.8
4.2675	5.2
4.27	-2.1
4.2725	-2.1
4.275	0.0
4.2775	-0.4
4.28	5.0
4.2825	12.1
4.285	8.4
4.2875	-2.7
4.29	-9.1
4.2925	-7.7
4.295	-4.2
4.2975	-5.1
4.3	-10.1
4.3025	-12.0
4.305	-11.8
4.3075	-9.9
4.31	-3.1
4.3125	2.1
4.315	0.7
4.3175	-0.3
4.32	3.7
4.3225	0.1
4.325	-13.2
4.3275	-17.8
4.33	-11.2
4.3325	-5.3
4.335	-2.1
4.3375	1.5
4.34	7.1
4.3425	8.7
4.345	2.7
4.3475	0.2
4.35	2.8
4.3525	5.8
4.355	7.7
4.3575	7.0
4.36	2.7
4.3625	-2.8
4.365	-4.1
4.3675	-0.5
4.37	7.8
4.3725	19.6
4.375	19.3
4.3775	-0.4
4.38	-14.8
4.3825	-11.8
4.385	-1.9
4.3875	0.3
4.39	-6.1
4.3925	-6.3
4.395	-2.8
4.3975	-2.0
4.4	1.2
4.4025	7.0
4.405	10.0
4.4075	5.7
4.41	1.4
4.4125	4.3
4.415	6.9
4.4175	1.7
4.42	-4.9
4.4225	-5.0
4.425	-2.3
4.4275	3.7
4.43	3.8
4.4325	-3.2
4.435	-4.7
4.4375	0.2
4.44	3.6
4.4425	1.4
4.445	0.3
4.4475	3.2
4.45	5.5
4.4525	3.7
4.455	0.2
4.4575	-3.3
4.46	-1.9
4.4625	0.8
4.465	0.3
4.4675	4.3
4.47	10.1
4.4725	10.6
4.475	2.9
4.4775	-3.6
4.48	7.3
4.4825	17.9
4.485	7.5
4.4875	-4.3
4.49	-3.1
4.4925	1.8
4.495	1.2
4.4975	-3.1
4.5	-2.3
4.5025	2.3
4.505	5.0
4.5075	4.8
4.51	0.0
4.5125	0.3
4.515	8.1
4.5175	8.5
4.52	6.0
4.5225	7.8
4.525	5.2
4.5275	-3.5
4.53	-1.2
4.5325	7.8
4.535	-0.8
4.5375	-12.1
4.54	-11.4
4.5425	-10.8
4.545	-10.7
4.5475	-8.9
4.55	-7.5
4.5525	-3.8
4.555	1.1
4.5575	4.1
4.56	4.9
4.5625	4.8
4.565	3.2
4.5675	0.7
4.57	-1.7
4.5725	-3.6
4.575	0.9
4.5775	6.8
4.58	2.5
4.5825	1.9
4.585	9.4
4.5875	2.5
4.59	-8.1
4.5925	-10.5
4.595	-11.0
4.5975	-6.9
4.6	-2.2
4.6025	2.0
4.605	5.7
4.6075	0.0
4.61	-10.6
4.6125	-9.9
4.615	-1.7
4.6175	-0.5
4.62	1.1
4.6225	6.4
4.625	7.7
4.6275	6.8
4.63	4.5
4.6325	7.7
4.635	11.4
4.6375	3.8
4.64	-4.7
4.6425	-8.2
4.645	-12.1
4.6475	-14.4
4.65	-9.9
4.6525	-7.5
4.655	-12.9
4.6575	-10.6
4.66	-3.7
4.6625	-0.9
4.665	2.9
4.6675	5.4
4.67	8.1
4.6725	12.3
4.675	11.0
4.6775	8.2
4.68	14.3
4.6825	12.8
4.685	-2.4
4.6875	-8.7
4.69	-4.3
4.6925	1.6
4.695	4.4
4.6975	1.4
4.7	4.4
4.7025	11.2
4.705	6.8
4.7075	3.9
4.71	8.0
4.7125	5.1
4.715	-0.3
4.7175	0.3
4.72	-1.4
4.7225	-5.4
4.725	-6.1
4.7275	-2.9
4.73	5.7
4.7325	5.4
4.735	-6.4
4.7375	-9.2
4.74	-0.5
4.7425	5.9
4.745	1.2
4.7475	-5.9
4.75	-4.3
4.7525	-2.5
4.755	-3.0
4.7575	-3.5
4.76	-5.2
4.7625	-1.1
4.765	4.2
4.7675	6.3
4.77	6.5
4.7725	5.3
4.775	8.9
4.7775	16.6
4.78	17.3
4.7825	10.2
4.785	6.8
4.7875	10.6
4.79	9.1
4.7925	3.8
4.795	7.3
4.7975	9.0
4.8	1.7
4.8025	-4.8
4.805	-6.0
4.8075	-1.4
4.81	4.1
4.8125	5.4
4.815	2.9
4.8175	3.5
4.82	6.0
4.8225	-3.5
4.825	-8.3
4.8275	-2.7
4.83	-7.1
4.8325	-8.8
4.835	-3.8
4.8375	-2.3
4.84	-2.9
4.8425	-5.2
4.845	-2.4
4.8475	0.4
4.85	-4.4
4.8525	-4.1
4.855	2.8
4.8575	2.6
4.86	0.2
4.8625	1.4
4.865	-1.9
4.8675	-5.2
4.87	-4.2
4.8725	-4.2
4.875	-6.2
4.8775	-7.4
4.88	-0.3
4.8825	9.3
4.885	4.8
4.8875	-6.0
4.89	-8.8
4.8925	-3.1
4.895	-0.1
4.8975	-3.5
4.9	-0.2
4.9025	8.9
4.905	13.2
4.9075	16.5
4.91	16.9
4.9125	11.7
4.915	5.0
4.9175	4.5
4.92	10.8
4.9225	11.2
4.925	8.3
4.9275	6.2
4.93	2.8
4.9325	14.7
4.935	25.3
4.9375	9.2
4.94	-3.6
4.9425	-2.0
4.945	-3.0
4.9475	-3.7
4.95	1.4
4.9525	7.9
4.955	8.8
4.9575	5.0
4.96	1.6
4.9625	-1.2
4.965	-4.3
4.9675	-6.3
4.97	-5.8
4.9725	-2.7
4.975	-3.0
4.9775	-1.9
4.98	3.9
4.9825	-2.1
4.985	-9.6
4.9875	-9.5
4.99	-7.1
4.9925	0.8
4.995	1.9
4.9975	-2.2
